4.651452006782714
7.221328548069808
2.8956778626028763
5.5784339918395895
7.604600606898408
4.740935114370519
3.403064231309076
5.944031620104156
4.742388538536347
2.584942883238182
6.4934064984495565
7.794832020451492
5.607948076625985
5.34569777106635
5.127746682340941
7.761088844763203
7.2903507365149105
6.017208416920654
4.4388004934167995
6.8971477346356895
4.33414101638135
7.645022097971684
6.787840250199241
6.778234358492342
7.094285287801164
8.8405761635555
4.165333279175895
5.1263145863280695
6.3420933055365385
6.924809253880685
