5.656054903926212
6.1566630705594765
6.285897168191092
4.521460741268472
4.771471070651124
6.565616852090027
7.49510177857605
3.4998631332204395
5.382675760461242
5.938495660036309
6.970930081106062
5.1060028011518455
7.074354097271775
3.7889206496691528
3.769415479144944
2.8745113135739815
2.2474832993518614
7.554606897886002
5.46764476526593
7.685212569332158
5.683645276738658
8.758615640421745
4.99418080327188
4.88406465574172
7.0824500531952514
5.171122648396794
7.683668916403314
5.5962493805869675
3.205818837430676
5.582108337037594
