3.703732237523026
7.5748167835024045
8.300489099951431
3.849275120185426
5.697324588136548
6.972062765062574
6.995347396906038
7.724198223472573
4.984828054604597
4.13494699379649
2.691877162781723
6.980353412454702
6.771957019881105
2.868149592264709
6.918191338448816
4.507536152603382
6.941269570225718
2.962980264174505
3.7544030147149567
6.9709865275489165
5.407743575087357
6.016822887630459
3.57801728705014
7.2781418839484076
6.740245949237617
7.026450426552263
6.096622791576485
4.938921131329614
7.680978926647874
5.108532004950589
