8.699013749715
6.419556929887464
6.853948233942218
4.970990967592915
6.391860483946268
5.542777461267337
7.344185681424875
7.731276644218946
2.4520929438646335
6.4215686783831245
7.162941065085657
4.313017651155742
6.907121846151288
7.747023070321603
4.6914653177579995
6.798124379486635
4.709271783904441
3.162195654793117
5.445478402958219
6.560236746641658
5.0405227284273835
7.558593342560853
6.702713519696828
5.07727460268053
7.516603864210043
6.840920908439574
5.214005944839782
5.440676997234971
6.459145106951657
6.556853228440242
