5.407982264619056
5.083620886615878
6.733136232324707
4.796650817891462
5.687940696666688
4.98607224974796
4.8945063855844415
6.742798130385003
7.189253773402554
5.5786419814490396
5.352828691365848
7.0449460354812645
6.975719584179597
7.082717777143853
4.819748948173506
5.282509259738817
5.967889718162315
2.981164407511278
4.965367112502798
7.621015641227523
3.5380575394698393
4.531369611395156
7.986059198693692
4.631530812989545
6.6961731026696585
7.882282148358641
7.019713837363597
4.974289681119076
3.07642340469629
8.030600522136613
5.188649722969203
6.622230672943609
9.327112815597122
6.8326034793382515
7.0849565694802115
6.329900325147155
5.1473028272416
2.1054868339332358
4.654176191648858
8.867955537735348
1.991059204824519
4.604453502007843
3.3352895495434742
2.3349523593817914
7.01772798239959
5.661452048562284
7.234782768632798
3.7853946733979456
7.890416371495523
3.361795584247898
7.398613767007965
5.937688654488544
7.486619935875176
7.210446063803176
7.452040102212818
6.885954485086075
7.556929531395356
5.598308665565021
4.875602802645794
8.002062594899913
7.2608262933606404
7.35908940213678
5.644432114133531
7.282607583920718
7.012748703471986
7.672527794976667
6.816669491576669
4.588042107311068
7.440083780345618
7.412065499615492
8.232586742683868
6.802922259425391
7.480188297113575
5.757803896811029
4.783609655220104
7.513822903116763
5.948540216139825
6.8993733682461835
5.924937424387294
5.78628877224339
6.84474581160649
7.755716632343131
4.140964269345226
7.310489309209166
7.469552470885159
6.4513934095921535
7.302712001729772
8.808873243020672
6.598796501491433
5.665279281102493
6.105077096370736
6.7024464728104896
7.696563699954457
7.448543833022343
6.948476603143337
5.0296095509438254
6.849519324197362
7.862876788457115
6.475041730733971
7.235732921902365
