7.006270092722086
3.0316553577944414
3.6410060041003964
4.000732856650384
5.234482709433465
7.466735558929499
7.4934186769894255
6.972101317854153
4.356770490850424
4.545774401640938
8.1823995783189
6.911152193827193
4.4495404684027156
7.029690316742253
5.676741217700608
5.674098811660563
6.732378841202848
7.047618162262175
7.557508427183286
3.538878151904945
8.509516033186827
6.653527346461941
3.873466059057648
7.612429336573804
5.286334056537876
5.379337546622684
7.3068020941664535
5.144920850564121
3.168594435413968
4.646986311770726
6.521546272845204
7.027678267491789
1.8179308461907486
8.103853339554028
7.115642936336976
3.6938913516077143
3.762387018424588
7.765098045049665
4.876192989181017
4.842733743115504
7.8703572594806595
5.564337316172596
2.7868495488214116
4.81026072507752
5.357724140032218
6.420658920198721
3.266806807055734
5.5414155582502875
9.130854679719496
6.41340944602393
7.354999362263087
4.937641901650824
7.888764735026609
7.190627227086495
7.040706341033764
6.016036497378731
7.1042290829508
7.37473556480357
7.466703986622326
6.9499416257327224
5.62887195509938
7.549148830990278
5.851722824920373
7.0868312554049995
2.6690962716445448
7.281201703308213
7.346572223420378
4.575737631830415
4.793458663900903
7.066328185878083
3.619271106156068
5.644534444090253
5.883522528721473
7.850299950853452
3.224252839621447
5.289846586246672
6.611786251984408
7.179474123171174
7.027824026624457
5.341689094035241
7.193110578844152
7.876726530531535
7.512354639182509
7.635437641558582
6.26505720849084
3.924854210527561
3.7247003443174287
6.850063312020543
3.65076630021072
8.033908684178188
5.1990208333037184
7.102396549083657
4.074018685908565
6.362834198538723
7.2133271130481225
6.009551347567161
6.578779353121338
6.638334752910547
7.031995289871947
3.029546559312571
