7.659661302658914
4.925191908318897
7.13944427242868
5.68152069308212
5.929296564633374
6.9545086443114705
5.956610319389227
6.134055170157158
7.415034564364732
7.041860997484379
2.507280488843036
7.234109568850794
7.101964701429874
5.3966090648006215
5.083534240779383
5.161932402753289
5.118323334620913
5.019120111937263
6.1317120746930875
6.672499910120038
7.984128999902566
8.052230063485077
6.925717328249013
6.733395113407555
7.0858458497055015
2.724064239725318
7.009739420804374
7.231855470566861
4.829382866573178
5.462809489740635
