6.4003322375340055
6.724868774424652
5.682051080004878
7.579992430593737
7.083833007976236
7.447704143637884
4.715859618406388
2.814270154508956
7.148899818051117
7.875946221804394
4.657061661139254
7.047568822604673
7.116001180129641
9.196957597269403
7.463232576621866
7.278872181790617
7.025315361563601
7.045803936878905
2.678893375015292
6.376996144129316
7.134247784711949
6.087189087613357
5.290877438041385
2.9609074643693134
7.6262166322311415
3.3121028668675856
3.9927983864409717
8.130378634895528
7.683625642862783
7.35311862311125
2.007794752588661
6.965535752360663
4.100767810131482
5.192746748901569
7.699975434470817
4.9123831476002815
5.378617323505969
6.523056216127951
4.79387344414019
6.962485554522313
3.9626921547478067
6.352528206536656
6.935806235098844
7.404846114400615
7.670232624173049
7.853302870275206
4.260362707303049
8.734019281402503
3.3629372523535337
7.499831822654872
6.1145816581883095
8.072379924213175
3.434057263704952
6.953706851515276
7.065584854719208
5.460406709034318
7.434313592854047
6.807769816985711
5.581154363246452
7.944374681749635
9.11581117378552
7.2174733430661275
7.183118377809179
3.14367408344761
6.6920732777782765
6.759745146301715
2.7253447794822327
6.150479977251252
4.276304338934477
4.732258459868323
7.058078163683982
7.181087178654635
7.705801859411218
7.65872381445725
4.160875354246252
2.2624464744749693
6.474957206721565
5.2743179491422545
5.1254130189745934
5.610238855000218
4.653243906776946
5.776215971249193
6.678553114982903
7.067799277156952
7.50573457542876
6.062597303843732
6.308910576742004
4.4785368412459325
8.76209773869144
7.056078877673663
6.013438492803749
5.733550586913186
7.424985182769507
5.975882828521558
7.699106556160921
6.882048627495554
4.780029663084235
6.29368766450182
4.475458460160853
6.926590970258257
