2.6753248578361544
7.603189652814258
9.134889278415903
5.848939207405817
2.946407463303055
3.272590993934456
3.7385571775794597
5.970990423753054
7.147951131110204
4.650491360756725
4.358779337549888
5.986763214014132
7.087303473439284
6.081701222800265
6.992950743601582
5.221497473450961
5.2706509202681575
3.167743059051204
7.455087596850201
7.594815931550368
7.805707042863071
7.624956042819177
7.023307332161615
4.815816150027252
6.420830074728928
3.288378376387544
6.431937384320603
5.3035945327400364
7.238142591082291
2.0281003778778084
