4.285755071283793
6.81908685401818
6.332873893890481
6.8250439115122665
3.9662726041132554
6.146198967944313
3.821231697801583
5.073335410110118
6.867723770554857
6.445556482339436
3.0136454420807293
4.769559185063432
6.70593533625319
4.604777255574539
5.063572116604623
3.6117516235578906
6.651358778587161
2.335361998126451
2.3682319408165826
5.753368709253213
2.910653221277433
7.000494020041105
5.558676236062418
6.046974914254546
6.627579892232193
7.359054271216247
4.228005729122523
2.870110638969065
7.3100669923122865
5.594609002248732
