0.7953986645738687
1.2490406418220519
1.1213579342588234
1.229230207428521
0.8413614713817571
1.253005597156667
1.3921923539516432
1.7335845482201095
1.5195960633621068
1.468965996787749
1.2793282353652988
1.5331073200996377
1.6892197635330646
1.5333351263645163
1.4587152179181821
1.8247637750456374
1.8921294550345178
1.1737508213044794
1.7797060357446925
1.3311568206950255
0.8771772313139634
2.1989605527999605
1.683930467920527
1.5580056819904964
1.1737998218089218
1.7228129306836382
1.5468192330501915
1.4007104444068958
1.30036436630893
1.6364086848120518
1.1322885636406224
1.5878259769358174
1.6326105736537413
1.881100865894383
1.6711073385007245
2.1151391318560067
1.7002100309598334
2.059952134390624
1.493047417837468
2.0256329787793903
1.1066325913982198
1.4342077920173972
1.5019529980051989
1.1110303421787449
1.6814870711947525
1.3181341157061794
0.8470627239309807
1.8036954498251765
1.412705656971974
1.7257241009367383
